200 3276 136
200 5325 661
200 7080 3392
200 8043 601
200 8550 634
200 10197 1550
200 15120 5869
200 15743 10349
200 15773 10873
202 16371 7809
200 16860 4949
200 18156 3388
201 18849 10234
200 19127 2010
200 19981 5426
201 20703 10020
200 20992 3880
200 21743 6191
200 21803 4570
201 22121 4832
200 22198 10377
202 22230 20081
200 22875 2947
204 23024 11056
200 23122 8022
201 23679 19059
200 23686 22298
202 23759 1176
200 24101 13044
202 24203 5295
200 24730 1029
200 25544 20969
203 26017 8760
201 27430 19838
200 27838 9760
201 28475 2034
201 28495 20088
200 29574 1702
200 29664 9378
201 31540 10315
200 31747 24455
200 31827 24294
201 32034 15607
202 32497 27600
200 32719 26770
200 33328 10599
200 33551 3208
200 33791 25761
202 33883 2624
201 34192 29763
200 34407 21622
200 34800 16690
201 35047 26941
200 35085 14401
201 35192 20506
200 35395 3980
200 35502 7020
200 35785 13911
200 35797 18253
201 36003 15791
200 36348 22515
200 36745 25912
200 37166 18689
201 37448 13724
201 37589 22618
200 37617 24944
200 37809 15007
200 37854 16510
200 38420 29041
200 38549 15874
200 38590 20419
203 38891 28574
200 39254 29966
200 39479 12933
200 39509 16995
200 39570 37542
201 40629 29311
200 40746 12742
201 40935 26181
200 42430 28796
203 42675 36983
200 42821 31425
200 42867 18378
202 43065 38859
201 43159 9584
200 43266 18787
200 43345 29070
201 43453 18746
200 43904 21399
201 44137 13368
201 44567 9926
200 45056 27810
200 45771 15716
200 46052 4013
200 46516 45669
200 46735 14136
201 46864 34431
200 47164 8932
202 47177 39146
200 47542 12420
200 47742 4336
200 47793 46306
201 47828 14766
200 48164 308
202 48817 36249
200 49343 3934
200 49531 33116
200 49954 38988
200 50336 28958
201 50789 22588
200 52246 18500
200 53037 25956
200 53595 29196
200 53959 50305
201 54389 49162
201 54452 41468
200 54949 42256
202 55235 44784
200 55573 23219
201 55628 2302
201 56119 3877
200 56277 21223
200 56382 28484
201 56385 41056
200 56576 4399
200 56882 32367
200 57898 31796
205 58292 6609
201 59882 15555
200 60075 26988
201 60343 37567
200 60526 16537
201 60878 57299
200 61743 9010
200 62369 50695
200 62619 11542
204 62742 22983
200 63187 23555
200 63698 18131
202 63806 39785
201 63981 60162
200 64466 55981
200 65527 37845
203 65648 37553
200 66311 19512
201 66979 28892
201 67061 39053
200 68174 68041
201 68253 57232
200 68306 37384
200 68724 1132
200 69418 64165
200 69480 58289
200 70095 47359
201 70359 56916
201 71059 21451
201 71804 65758
201 71877 34768
201 71930 26379
201 72039 20405
201 72302 57817
200 72898 7692
201 73510 48911
201 73585 15748
201 73681 56123
201 73688 4237
200 73719 1862
200 73739 24141
200 73971 69714
200 74248 1756
202 74765 23491
201 75527 22468
201 75661 33854
200 75740 60231
202 76604 51627
200 77056 75618
201 77554 5994
201 77645 72513
200 78192 30916
202 78417 45755
200 78893 1871
200 79093 37421
200 80284 23648
200 80385 53630
200 80528 9576
200 81175 75209
200 81316 22465
200 81369 47341
200 81647 67056
200 81694 13756
200 81800 12126
200 82579 77934
204 82821 54075
200 82912 34364
201 83049 32063
200 83068 18168
200 83901 65334
200 84242 50744
200 84300 12584
201 84471 72987
200 85134 79228
201 85390 67201
200 85526 31916
200 86144 45806
200 86293 48406
201 86371 11997
203 87251 71372
201 87342 3233
200 87406 9980
200 87665 63592
200 89894 33676
202 89938 29967
200 90351 34860
200 90492 37115
200 90842 8703
200 90854 88326
200 90858 27629
200 91342 59391
200 91488 44327
202 91681 52984
200 91722 67143
200 92841 39358
200 93077 39813
200 93216 73340
200 93765 6773
205 93937 60148
200 94390 94272
200 94502 34856
200 94524 78826
200 94609 5676
201 94885 42747
200 95317 33533
201 95687 81969
200 96152 84876
201 96213 70970
200 96363 86731
200 96808 52903
200 97207 86571
202 97302 79986
200 97795 16835
202 98023 7169
200 98703 37894
200 99579 71611
204 99649 85870
200 99893 23206
202 100062 27400
203 100323 33559
200 100638 58090
200 100954 85714
201 101787 101534
201 102668 83905
201 103287 47794
201 103358 69088
200 103481 96564
200 103666 2363
200 104462 53773
200 104467 26819
200 104520 25829
200 104750 3743
202 104881 53720
201 105305 58678
200 105815 17010
200 106685 100640
201 107341 39112
200 107855 7550
200 107957 107811
200 107978 45920
201 108094 46548
201 108163 48881
200 108256 50993
200 108311 11757
203 108453 9158
200 109301 20637
200 109568 6741
200 110431 29977
200 110451 17149
203 110907 22165
200 111133 51377
200 111496 109603
200 111643 12968
200 112285 78439
200 112836 21069
200 112910 67991
200 112944 3647
201 113847 78797
200 114116 54285
201 114571 75698
200 114865 83108
203 115011 15512
200 115428 11432
200 116033 37342
200 116522 19969
203 117161 68032
201 117309 39408
203 118030 19566
200 118370 9420
206 119102 4977
200 119259 20442
200 119478 17347
200 120482 38422
201 120753 72311
200 120760 34051
202 120762 8175
201 121181 96593
201 121361 118719
201 121433 97764
200 122349 96337
200 123549 34949
200 123684 114825
200 123740 96667
201 123988 23438
203 124141 91961
200 124162 65332
200 124181 121348
200 124232 79445
202 124387 7385
204 124585 102490
200 124920 116974
201 125786 108388
200 125968 62459
201 126098 5841
201 126347 16719
200 126442 20529
201 126847 66063
200 127050 43265
200 127284 90025
200 127573 73704
200 127592 42657
200 127937 95880
200 128133 22649
200 128531 46523
200 128810 9988
200 128978 53907
202 129186 25521
200 129578 51062
200 129829 24038
203 130219 29493
200 131055 77701
203 131090 112510
203 131138 114141
200 131448 100695
200 131698 68420
200 131761 126487
200 131955 73399
200 132094 92940
200 132226 105131
200 132765 14680
201 133999 94006
201 134002 55295
201 134143 18610
200 134696 18206
200 135076 1243
200 135118 80394
202 137087 84464
202 137736 9925
201 138140 79333
202 138937 138466
200 139448 101990
200 140768 87206
201 140943 117428
202 141003 128717
201 141395 115996
201 141864 108791
200 141876 74191
200 142335 21701
201 142596 111939
200 143098 22889
200 143901 22999
200 144503 40140
202 144748 107357
202 146034 138711
200 146143 114092
201 146270 52353
200 147196 65311
200 147493 39446
201 147685 131919
201 147708 144225
200 147779 62496
202 148366 74269
200 148672 145994
200 148987 69424
200 149291 95188
202 150156 40910
201 150574 15913
201 150714 6176
200 151079 75621
200 151656 101319
200 152048 145407
200 152094 20419
200 152567 36813
200 152583 106805
200 154325 89690
201 154854 71758
201 155034 108653
200 155100 2447
200 155797 89698
204 156112 4354
202 156291 16899
200 156766 128890
204 157432 117951
200 157533 84361
200 158449 47281
200 158980 68989
200 159435 84956
201 160059 113544
200 160218 143125
203 161309 141243
200 161702 25258
200 161818 103565
200 162180 70619
201 162579 111492
200 162621 158535
202 162732 156088
200 163078 23962
203 163151 47912
201 163277 139239
200 164210 144789
201 164847 139669
200 165390 58736
204 166294 146429
201 166430 36707
200 167148 146535
200 167316 115371
200 168454 163947
201 168848 68038
200 169113 57447
200 169261 40467
201 169693 36811
208 169696 31544
200 169698 128231
202 169727 111134
200 170174 21750
203 170935 165231
201 171460 52103
201 173886 167916
200 174021 857
200 174211 167922
200 174743 125122
202 175046 19915
201 175203 38678
200 175483 138327
202 176305 36351
200 176395 42160
200 176563 172082
200 178228 83001
200 178753 173438
200 178761 138455
200 178911 72808
201 178945 59496
201 180634 79387
200 181027 168731
200 181312 113395
201 181544 143323
200 181621 138378
200 182992 174302
200 183009 62659
201 183710 24309
202 184429 86550
201 184495 135334
200 185974 63536
200 186149 157489
200 187419 72379
202 187747 184961
200 187975 107900
202 188747 161146
200 189567 168684
200 190354 48122
200 190759 35286
200 190760 99433
200 191366 168757
200 192462 172298
204 193329 46308
201 194459 82163
200 194494 164322
202 195020 77983
201 195672 78191
203 196817 176656
200 197655 5358
200 197805 123052
200 198424 30488
201 199060 6765
200 199212 153525
201 199340 136980
200 200813 200222
201 200946 45905
200 200958 37071
200 201729 160773
200 204113 131509
203 204135 131528
203 204234 15010
200 204842 200843
200 204962 22460
200 205018 152548
200 205123 105947
200 205474 141341
200 205703 65389
200 208267 112795
202 208991 141582
200 209113 187575
200 211223 122359
200 211766 131912
201 211941 195073
200 212626 196412
200 214793 66830
200 215821 159425
202 216228 74555
200 216354 49337
201 216979 191715
200 217086 89928
201 218458 3647
201 218749 102376
200 219776 142713
200 221134 25347
200 222725 1091
200 223080 35825
200 223169 160882
201 223554 163658
200 224830 102122
200 225019 139949
200 225707 52072
200 225777 30520
201 226967 145975
200 227321 144118
201 227323 34322
200 227589 35393
201 227831 130118
200 229006 10866
201 229295 220320
200 229835 175174
200 231702 141720
201 231712 103537
200 232280 228133
201 233794 67180
200 234797 222318
200 235973 16885
200 237011 226854
201 237546 203559
201 238105 56871
200 238470 26927
200 242024 151326
200 242049 48540
201 243018 148
201 244452 231943
200 244528 65832
200 244848 206899
200 246215 12711
200 247997 242658
200 249348 196813
201 249867 225804
200 251854 171522
200 252966 84079
200 254284 137868
200 254722 159969
202 255655 85869
200 259143 115719
200 263810 68611
200 271062 17347
200 274558 71686
205 285504 203968
200 297420 147685
200 299037 172594
200 334750 208434
202 389078 187089
200 389457 96125
