199 2756 1798
200 3276 136
200 5325 661
199 5440 4689
200 7080 3392
199 7276 6648
200 8043 601
200 8550 634
199 9267 2275
199 10002 3010
200 10197 1550
199 10865 6774
199 11141 2676
199 11403 2685
199 11659 8906
199 12215 11437
199 12639 3306
199 12649 4144
199 12700 12563
199 13903 6209
199 14191 6058
199 14426 2748
199 14677 6585
200 15120 5869
200 15743 10349
200 15773 10873
202 16371 7809
199 16408 6108
199 16612 13212
200 16860 4949
199 17233 14295
199 17639 15341
199 17699 390
199 17773 10491
199 17963 17235
199 18110 17882
200 18156 3388
199 18405 4840
199 18766 15343
201 18849 10234
199 18999 15688
200 19127 2010
199 19891 1603
199 19916 9344
200 19981 5426
201 20703 10020
200 20992 3880
199 21435 16657
200 21743 6191
200 21803 4570
201 22121 4832
200 22198 10377
202 22230 20081
199 22462 18628
199 22602 12455
199 22861 12222
200 22875 2947
204 23024 11056
200 23122 8022
199 23548 6987
201 23679 19059
200 23686 22298
202 23759 1176
199 23980 13072
200 24101 13044
202 24203 5295
200 24730 1029
199 24760 4779
199 24871 19518
199 24909 11585
199 25066 12690
199 25374 17291
200 25544 20969
199 25864 6329
203 26017 8760
199 26157 22304
199 26319 6726
199 27367 12672
201 27430 19838
199 27610 21042
199 27773 12533
200 27838 9760
199 27883 13302
199 28251 551
201 28475 2034
201 28495 20088
199 28566 21712
199 29120 25984
199 29453 13159
199 29515 25506
200 29574 1702
200 29664 9378
199 29797 17804
199 30046 21305
199 30226 17637
199 30389 6030
199 30541 25283
199 30660 30065
199 31530 27835
201 31540 10315
199 31580 1644
200 31747 24455
200 31827 24294
201 32034 15607
199 32336 9284
202 32497 27600
199 32556 4952
200 32719 26770
200 33328 10599
200 33551 3208
199 33619 30131
200 33791 25761
202 33883 2624
199 34188 2589
201 34192 29763
200 34407 21622
200 34800 16690
201 35047 26941
199 35077 2376
200 35085 14401
199 35110 7833
199 35151 11570
201 35192 20506
199 35241 11120
199 35280 13136
200 35395 3980
199 35490 25348
200 35502 7020
200 35785 13911
200 35797 18253
201 36003 15791
199 36031 30377
199 36108 11187
199 36142 3209
199 36248 25508
199 36325 11190
200 36348 22515
199 36413 23962
200 36745 25912
199 37144 29534
200 37166 18689
201 37448 13724
201 37589 22618
200 37617 24944
199 37655 37635
200 37809 15007
200 37854 16510
199 38358 7409
200 38420 29041
199 38519 243
200 38549 15874
200 38590 20419
203 38891 28574
199 39006 33578
199 39145 31339
200 39254 29966
200 39479 12933
199 39494 10973
200 39509 16995
200 39570 37542
199 39603 28227
199 39773 18168
199 39882 26011
199 40022 27178
199 40177 17909
199 40288 15485
201 40629 29311
200 40746 12742
199 40796 29866
201 40935 26181
199 41200 3921
199 42048 28751
199 42216 19390
200 42430 28796
199 42516 32286
203 42675 36983
199 42817 391
200 42821 31425
200 42867 18378
202 43065 38859
199 43144 30664
201 43159 9584
199 43188 21156
200 43266 18787
200 43345 29070
199 43434 30902
201 43453 18746
199 43547 12517
199 43754 4725
200 43904 21399
201 44137 13368
199 44240 7637
199 44443 42401
199 44469 43224
201 44567 9926
199 44702 25021
199 44796 12448
199 45018 6399
200 45056 27810
199 45172 17410
199 45320 13393
199 45501 3135
199 45588 36253
200 45771 15716
200 46052 4013
199 46076 40755
199 46252 26975
200 46516 45669
200 46735 14136
199 46776 6965
201 46864 34431
199 46895 16070
200 47164 8932
202 47177 39146
199 47385 19457
199 47481 46805
200 47542 12420
200 47742 4336
200 47793 46306
199 47810 14915
201 47828 14766
199 48096 40960
199 48104 12698
199 48153 37271
200 48164 308
199 48513 6598
202 48817 36249
199 48969 12961
200 49343 3934
200 49531 33116
199 49651 5872
199 49685 19876
199 49782 42051
200 49954 38988
200 50336 28958
199 50564 14110
201 50789 22588
199 51010 42658
199 51411 44385
199 51453 26061
199 51547 41782
199 51898 35331
199 51977 36250
200 52246 18500
199 52538 15101
199 52604 40346
199 52791 587
200 53037 25956
199 53038 23297
199 53280 12717
199 53375 6019
199 53541 52817
199 53542 42106
200 53595 29196
199 53818 2742
200 53959 50305
199 54284 36207
201 54389 49162
199 54432 19260
201 54452 41468
199 54538 51404
199 54736 34582
200 54949 42256
202 55235 44784
199 55348 41019
200 55573 23219
201 55628 2302
199 55679 48861
199 55766 1318
199 55778 49830
199 55990 49317
201 56119 3877
200 56277 21223
200 56382 28484
201 56385 41056
199 56415 637
200 56576 4399
199 56696 10859
200 56882 32367
199 56933 32477
199 57214 43894
199 57378 12564
199 57669 12233
199 57742 722
199 57756 37702
199 57775 34742
200 57898 31796
199 57963 45634
199 58053 55951
205 58292 6609
199 58320 17011
199 58437 42224
199 58948 36860
199 58978 22276
199 59027 42476
199 59235 20109
199 59288 37327
199 59571 4526
199 59579 30705
201 59882 15555
200 60075 26988
199 60102 26769
201 60343 37567
200 60526 16537
199 60834 40334
199 60844 43343
201 60878 57299
200 61743 9010
199 61869 37467
200 62369 50695
200 62619 11542
204 62742 22983
199 62999 37596
199 63047 11168
200 63187 23555
199 63378 6385
199 63412 52550
200 63698 18131
199 63737 6190
202 63806 39785
199 63885 11996
201 63981 60162
199 64193 40570
200 64466 55981
199 64493 46458
199 64615 2791
199 64892 40756
199 65283 40079
200 65527 37845
203 65648 37553
199 65660 41075
199 65844 53955
199 65946 16101
199 65957 843
199 66246 37621
200 66311 19512
199 66338 10978
199 66468 45161
199 66759 42897
199 66824 34714
201 66979 28892
201 67061 39053
199 67503 19465
199 67880 6019
199 67996 1918
199 68023 22856
200 68174 68041
201 68253 57232
200 68306 37384
199 68377 56050
200 68724 1132
199 68791 50411
199 68825 49359
199 69204 58831
200 69418 64165
200 69480 58289
199 69546 13362
199 69561 575
199 69880 42225
200 70095 47359
201 70359 56916
199 70365 66290
199 70541 8219
199 70878 66913
199 70888 67864
201 71059 21451
199 71614 63939
201 71804 65758
201 71877 34768
199 71880 42030
201 71930 26379
201 72039 20405
199 72075 8824
201 72302 57817
199 72363 49235
200 72898 7692
199 73429 42960
201 73510 48911
201 73585 15748
199 73614 1441
201 73681 56123
201 73688 4237
200 73719 1862
200 73739 24141
199 73877 23518
200 73971 69714
199 74170 54469
200 74248 1756
202 74765 23491
199 75079 18878
201 75527 22468
201 75661 33854
200 75740 60231
199 75747 1787
199 76016 8516
199 76240 33975
199 76275 64743
199 76315 8321
202 76604 51627
199 76823 76125
199 76935 19988
199 76996 68713
200 77056 75618
199 77421 17528
201 77554 5994
201 77645 72513
199 77895 31192
200 78192 30916
199 78293 77480
199 78359 21782
202 78417 45755
199 78510 44205
199 78601 73548
199 78606 65824
199 78709 76127
200 78893 1871
199 79033 64937
200 79093 37421
199 79167 68859
199 79314 16399
199 79405 31803
199 79740 61561
199 80195 77892
199 80242 66230
199 80244 48723
200 80284 23648
200 80385 53630
199 80445 22620
199 80488 2531
200 80528 9576
199 80572 4304
199 81007 64801
200 81175 75209
199 81250 44959
200 81316 22465
200 81369 47341
200 81647 67056
200 81694 13756
200 81800 12126
199 81831 24830
199 81956 71400
199 82036 20146
199 82476 61033
199 82567 82208
200 82579 77934
199 82684 15529
204 82821 54075
200 82912 34364
201 83049 32063
200 83068 18168
199 83102 10525
199 83173 7765
200 83901 65334
200 84242 50744
200 84300 12584
201 84471 72987
199 84543 60339
199 84616 75416
199 84897 56286
199 84931 63971
199 84984 5378
199 85119 12392
200 85134 79228
199 85248 4312
199 85315 22226
201 85390 67201
200 85526 31916
199 85725 43754
199 85727 47920
199 85872 16575
200 86144 45806
200 86293 48406
199 86308 34596
201 86371 11997
199 86433 69127
199 86513 17830
199 86535 36903
199 86822 12727
203 87251 71372
201 87342 3233
200 87406 9980
200 87665 63592
199 88431 82429
199 88531 56619
199 88631 156
199 88648 45658
199 88728 27938
199 88918 30946
199 89116 7639
199 89357 43697
199 89463 46884
199 89491 3753
199 89639 24481
199 89867 5598
200 89894 33676
202 89938 29967
200 90351 34860
200 90492 37115
199 90630 78388
200 90842 8703
200 90854 88326
200 90858 27629
199 91101 48340
200 91342 59391
200 91488 44327
199 91516 6018
199 91561 59536
199 91570 65133
202 91681 52984
200 91722 67143
199 91773 13066
199 92314 32942
199 92602 58906
199 92720 83340
199 92749 80510
200 92841 39358
199 92953 32630
200 93077 39813
199 93142 2830
200 93216 73340
199 93278 56980
199 93522 90690
200 93765 6773
199 93910 27692
205 93937 60148
199 94057 58494
199 94059 44601
200 94390 94272
200 94502 34856
200 94524 78826
199 94555 8836
199 94592 24515
200 94609 5676
201 94885 42747
200 95317 33533
201 95687 81969
199 95801 36378
199 95885 74853
199 96133 79818
200 96152 84876
201 96213 70970
200 96363 86731
199 96518 77884
199 96537 78065
199 96681 12645
200 96808 52903
199 96970 73670
200 97207 86571
202 97302 79986
199 97600 22502
199 97680 8684
200 97795 16835
199 97810 68316
202 98023 7169
199 98139 61277
199 98621 89279
199 98672 79812
200 98703 37894
199 98726 23296
199 98927 20087
200 99579 71611
204 99649 85870
199 99763 41154
199 99836 68971
200 99893 23206
199 99938 85380
202 100062 27400
199 100099 54173
199 100164 73780
199 100270 48864
203 100323 33559
200 100638 58090
199 100711 23641
199 100908 73354
200 100954 85714
199 101037 1162
199 101406 54900
201 101787 101534
199 102175 27335
201 102668 83905
199 102777 44220
199 103135 19888
201 103287 47794
201 103358 69088
199 103413 45586
200 103481 96564
200 103666 2363
199 104157 43712
199 104314 68649
200 104462 53773
200 104467 26819
199 104469 6418
200 104520 25829
200 104750 3743
202 104881 53720
199 105199 8342
201 105305 58678
199 105471 82595
199 105560 70520
199 105641 19361
199 105669 60578
199 105692 101885
200 105815 17010
199 105898 53121
199 106201 81001
199 106366 72801
200 106685 100640
199 107029 48541
199 107289 79667
199 107313 56424
201 107341 39112
199 107613 11901
199 107662 33157
200 107855 7550
200 107957 107811
200 107978 45920
201 108094 46548
201 108163 48881
200 108256 50993
200 108311 11757
203 108453 9158
199 108666 99323
199 109293 3766
200 109301 20637
199 109322 81466
199 109469 87186
200 109568 6741
199 109613 2540
199 109662 26969
199 109789 34130
199 109884 92709
199 110006 99275
199 110215 91196
200 110431 29977
200 110451 17149
199 110566 23784
199 110582 45249
199 110601 18449
203 110907 22165
200 111133 51377
200 111496 109603
199 111604 8073
199 111611 91801
200 111643 12968
199 111988 28221
199 112039 23367
200 112285 78439
199 112442 28824
199 112489 28170
199 112522 53379
199 112600 16153
199 112710 78608
199 112783 41767
200 112836 21069
200 112910 67991
200 112944 3647
199 112997 43048
199 113075 45369
199 113362 35239
199 113698 104781
199 113720 34939
199 113746 62808
201 113847 78797
199 114099 71129
200 114116 54285
199 114313 79459
199 114410 82519
199 114513 49580
201 114571 75698
200 114865 83108
199 114879 91887
203 115011 15512
200 115428 11432
199 115533 72052
199 115807 108644
199 115868 108102
200 116033 37342
199 116315 114772
199 116363 34063
200 116522 19969
199 116593 110383
203 117161 68032
201 117309 39408
199 117531 11788
199 117678 70269
203 118030 19566
199 118046 30675
200 118370 9420
199 118371 93954
199 118377 19752
199 118790 103779
199 118935 10940
206 119102 4977
199 119114 56223
199 119129 105071
200 119259 20442
199 119317 85607
200 119478 17347
200 120482 38422
199 120700 98116
201 120753 72311
200 120760 34051
202 120762 8175
199 120835 109052
201 121181 96593
201 121361 118719
201 121433 97764
199 121680 77143
199 122075 72530
199 122286 52839
200 122349 96337
199 122583 691
199 122901 78008
199 122943 71603
200 123549 34949
200 123684 114825
200 123740 96667
199 123872 74868
199 123953 105693
201 123988 23438
203 124141 91961
200 124162 65332
200 124181 121348
199 124194 23134
200 124232 79445
202 124387 7385
204 124585 102490
199 124891 97122
200 124920 116974
199 125148 68208
199 125500 29996
199 125520 111514
199 125561 91038
201 125786 108388
199 125897 36533
200 125968 62459
201 126098 5841
199 126139 13330
199 126197 85214
201 126347 16719
200 126442 20529
199 126538 39563
201 126847 66063
200 127050 43265
200 127284 90025
199 127505 117514
199 127523 57144
200 127573 73704
200 127592 42657
199 127838 121993
199 127879 15943
199 127937 27209
200 127937 95880
199 128058 30243
200 128133 22649
199 128439 43636
200 128531 46523
199 128574 79035
200 128810 9988
200 128978 53907
202 129186 25521
199 129301 100272
200 129578 51062
199 129615 29496
199 129811 44003
200 129829 24038
203 130219 29493
199 130654 22279
200 131055 77701
203 131090 112510
203 131138 114141
200 131448 100695
199 131500 32435
199 131530 64392
199 131577 23052
199 131585 54909
199 131680 20580
200 131698 68420
200 131761 126487
200 131955 73399
200 132094 92940
200 132226 105131
199 132671 25600
200 132765 14680
199 133106 72152
199 133129 40688
199 133563 31629
199 133618 28263
199 133964 90351
201 133999 94006
201 134002 55295
201 134143 18610
199 134554 10901
199 134569 513
200 134696 18206
199 134790 51266
199 134862 5448
200 135076 1243
200 135118 80394
199 135189 25655
199 135346 83059
199 135670 13122
199 135803 34973
199 135975 109709
199 136221 41823
199 136437 69890
199 136486 12829
199 136973 36887
202 137087 84464
199 137131 41932
199 137228 50765
199 137733 128997
202 137736 9925
199 138089 134931
199 138094 85419
201 138140 79333
199 138202 11938
199 138654 43796
199 138936 9862
202 138937 138466
199 138958 81658
199 139148 118969
199 139163 92698
200 139448 101990
199 139534 3677
199 139550 67736
199 139677 49111
199 140146 572
199 140148 129111
200 140768 87206
201 140943 117428
202 141003 128717
201 141395 115996
199 141485 59009
199 141518 35521
199 141536 111237
199 141622 13046
201 141864 108791
200 141876 74191
199 142180 10688
200 142335 21701
201 142596 111939
199 142612 119607
199 142873 121019
200 143098 22889
199 143527 4800
199 143677 98656
199 143850 21317
200 143901 22999
199 144406 58179
200 144503 40140
199 144514 34761
199 144610 81871
202 144748 107357
199 145446 22255
202 146034 138711
200 146143 114092
199 146239 20112
201 146270 52353
199 146657 69814
199 146802 12590
200 147196 65311
199 147349 22356
200 147493 39446
199 147551 86259
201 147685 131919
201 147708 144225
200 147779 62496
199 148260 10183
199 148303 80646
202 148366 74269
200 148672 145994
199 148968 12488
200 148987 69424
199 149180 144658
200 149291 95188
199 149336 83170
199 149385 68991
199 149422 30807
199 149973 44115
199 150058 142425
199 150154 30971
202 150156 40910
201 150574 15913
201 150714 6176
199 151054 80320
200 151079 75621
199 151475 91336
199 151497 106720
200 151656 101319
199 151986 71302
199 151995 59256
200 152048 145407
199 152062 124959
200 152094 20419
200 152567 36813
200 152583 106805
199 153094 79462
199 153124 6699
199 153242 41437
199 153386 62038
199 153697 36363
199 153957 85138
200 154325 89690
199 154416 133781
201 154854 71758
201 155034 108653
200 155100 2447
199 155204 14394
199 155294 27856
199 155307 124482
199 155616 149265
200 155797 89698
204 156112 4354
199 156115 1399
202 156291 16899
199 156503 37364
200 156766 128890
204 157432 117951
200 157533 84361
200 158449 47281
200 158980 68989
199 159184 95921
199 159295 110289
199 159315 7080
200 159435 84956
199 159436 89297
199 159482 27004
199 159692 151538
201 160059 113544
199 160207 126121
200 160218 143125
199 160441 39359
199 160603 106547
199 161286 17441
203 161309 141243
199 161403 94829
199 161689 30273
200 161702 25258
200 161818 103565
199 161850 87663
200 162180 70619
199 162259 1136
199 162349 154813
199 162364 85488
199 162487 31645
201 162579 111492
200 162621 158535
202 162732 156088
199 162994 126847
200 163078 23962
203 163151 47912
199 163230 137217
201 163277 139239
199 163650 98456
200 164210 144789
199 164829 117210
201 164847 139669
200 165390 58736
199 165391 63291
199 165770 15022
199 165918 54144
199 166263 21658
204 166294 146429
199 166421 50500
201 166430 36707
199 166561 72608
199 166962 142824
199 167050 84948
200 167148 146535
200 167316 115371
199 167714 117439
199 168326 82799
200 168454 163947
199 168496 4507
199 168561 23094
199 168737 94115
199 168758 59188
201 168848 68038
200 169113 57447
200 169261 40467
201 169693 36811
208 169696 31544
200 169698 128231
202 169727 111134
199 170048 25629
200 170174 21750
199 170563 51917
199 170583 140181
203 170935 165231
199 171010 145093
199 171071 58862
199 171277 61186
201 171460 52103
199 171884 160713
199 171971 108201
199 172102 119882
199 172422 98566
199 172711 98317
199 173529 52714
201 173886 167916
200 174021 857
199 174062 147787
199 174096 162886
200 174211 167922
200 174743 125122
199 174829 55628
202 175046 19915
201 175203 38678
199 175294 122497
199 175446 152587
200 175483 138327
199 175900 56576
202 176305 36351
199 176371 34113
200 176395 42160
199 176537 12908
200 176563 172082
199 177605 112013
199 177951 47347
199 178024 10286
199 178203 125099
200 178228 83001
200 178753 173438
200 178761 138455
199 178863 14053
200 178911 72808
201 178945 59496
199 179114 167657
199 179418 12349
199 179449 60106
199 179520 46380
199 180281 46880
199 180299 41786
199 180572 41976
201 180634 79387
199 180700 114817
200 181027 168731
200 181312 113395
199 181423 121083
201 181544 143323
200 181621 138378
199 181800 144096
199 181843 9936
199 181879 173188
199 182065 67919
199 182270 14050
199 182382 19437
199 182726 8200
199 182877 138673
199 182893 75180
199 182908 103650
199 182950 78801
200 182992 174302
200 183009 62659
199 183186 95696
199 183368 83910
199 183415 126206
201 183710 24309
199 184421 36337
202 184429 86550
201 184495 135334
199 184534 97743
199 184599 88590
199 185071 97103
199 185579 29176
199 185605 121012
200 185974 63536
200 186149 157489
199 186165 89175
199 186530 38372
199 187074 81874
199 187347 181114
200 187419 72379
199 187567 130307
202 187747 184961
199 187796 5114
200 187975 107900
199 188716 159267
202 188747 161146
199 188907 166345
199 189354 103639
200 189567 168684
199 189661 127945
199 189885 146434
199 190316 483
200 190354 48122
199 190493 31793
199 190542 6428
199 190624 120433
200 190759 35286
200 190760 99433
199 190855 15467
199 190917 178394
199 190945 42151
200 191366 168757
199 191684 54709
199 191941 2268
199 192279 124688
200 192462 172298
199 192521 78206
199 192523 173850
199 192673 190544
199 192975 189893
199 192976 152339
199 193042 147112
199 193213 8317
204 193329 46308
199 193387 36988
199 193963 178062
199 194282 62139
201 194459 82163
200 194494 164322
199 194613 139068
199 194758 22034
199 194997 72332
202 195020 77983
199 195113 55860
201 195672 78191
199 196247 96606
199 196412 38804
199 196426 25386
199 196646 55588
199 196816 188033
203 196817 176656
199 196926 57184
199 197367 107271
199 197440 2733
199 197478 183969
199 197479 161857
200 197655 5358
200 197805 123052
199 197864 162946
199 198020 122047
199 198097 100074
200 198424 30488
199 198451 7494
199 198709 15039
201 199060 6765
200 199212 153525
201 199340 136980
199 200422 17340
199 200593 78903
199 200694 62474
200 200813 200222
201 200946 45905
200 200958 37071
199 200960 98944
199 201200 42432
199 201384 113966
200 201729 160773
199 201913 76835
199 202079 57951
199 202340 124676
199 202349 155607
199 202413 196523
199 202771 161891
199 203457 87899
199 203628 195959
199 203771 157089
199 203988 86934
200 204113 131509
203 204135 131528
199 204211 6915
203 204234 15010
199 204322 33008
199 204718 61638
200 204842 200843
200 204962 22460
199 205002 8855
200 205018 152548
200 205123 105947
199 205274 77071
200 205474 141341
199 205598 47014
200 205703 65389
199 205835 148434
199 206350 60403
199 206551 125155
199 207206 122710
199 207460 163729
199 207566 121166
200 208267 112795
199 208279 121898
199 208328 29974
199 208549 58265
199 208679 163697
199 208739 61182
199 208763 42181
202 208991 141582
200 209113 187575
199 209113 206401
199 209620 73725
199 210331 88629
199 210713 54930
199 210836 98366
199 210964 48183
200 211223 122359
199 211392 28465
199 211447 188443
199 211556 48579
200 211766 131912
199 211816 144486
201 211941 195073
199 212439 162392
199 212522 83446
199 212570 134445
200 212626 196412
199 212920 181226
199 213352 76452
199 214178 94707
199 214182 5904
199 214212 165260
199 214368 16539
199 214453 142191
199 214617 204492
200 214793 66830
200 215821 159425
199 215977 78453
202 216228 74555
200 216354 49337
199 216365 120530
199 216461 165891
199 216534 92824
199 216632 92861
201 216979 191715
200 217086 89928
199 217165 111013
199 217218 178734
199 217815 5889
199 218010 54274
201 218458 3647
201 218749 102376
199 218815 4239
199 219771 115545
200 219776 142713
199 219787 204946
199 220145 33336
199 220629 124079
199 220894 83061
199 220951 147201
200 221134 25347
199 221191 61406
199 221296 112720
199 222711 22053
200 222725 1091
199 222805 98317
199 222871 26729
200 223080 35825
200 223169 160882
199 223322 223075
201 223554 163658
199 223946 87564
199 224054 179699
199 224747 178043
200 224830 102122
200 225019 139949
200 225707 52072
200 225777 30520
201 226967 145975
199 227183 226331
200 227321 144118
201 227323 34322
200 227589 35393
201 227831 130118
199 228154 65465
200 229006 10866
199 229044 23143
201 229295 220320
200 229835 175174
199 230221 102137
199 230526 187255
199 230775 179392
199 230885 159851
199 231144 149995
200 231702 141720
201 231712 103537
200 232280 228133
199 232671 108234
199 232814 186353
199 233608 214124
199 233638 28207
201 233794 67180
199 233984 61320
199 234330 146415
200 234797 222318
199 235002 180817
199 235253 98282
199 235935 49973
200 235973 16885
199 236447 174453
199 236743 153364
200 237011 226854
199 237057 80990
199 237072 91632
199 237540 180216
201 237546 203559
199 238080 48299
201 238105 56871
199 238336 31237
200 238470 26927
199 238544 200662
199 238618 147020
199 238906 93394
199 239935 61875
199 240255 55976
200 242024 151326
200 242049 48540
199 242154 62838
199 242878 48303
201 243018 148
199 243622 65801
199 244400 36079
201 244452 231943
200 244528 65832
199 244628 149788
200 244848 206899
199 244991 73813
199 245195 120027
199 245322 230298
199 245743 229763
199 245945 235254
200 246215 12711
199 246297 112033
199 246430 156161
199 246750 206247
200 247997 242658
199 249083 51977
199 249149 108096
200 249348 196813
201 249867 225804
199 250146 231280
199 251678 23205
200 251854 171522
200 252966 84079
199 253072 93391
199 253408 3865
199 254273 197092
200 254284 137868
199 254308 70360
200 254722 159969
202 255655 85869
199 255944 79076
199 256559 75001
199 256664 27734
199 257885 153170
199 258513 229116
200 259143 115719
200 263810 68611
199 264178 134572
199 264527 148102
199 264640 153826
199 265163 64752
199 265820 253149
199 268099 13070
199 268838 50853
199 269337 232262
200 271062 17347
199 272907 169667
199 273097 57836
200 274558 71686
199 275120 140075
199 278118 223551
199 281604 14647
199 284239 239821
205 285504 203968
199 286026 89162
200 297420 147685
200 299037 172594
199 312388 228679
200 334750 208434
199 335725 105181
202 389078 187089
200 389457 96125
199 393659 47338
